DVRPC - Pedestrian Count
TAKEN BY:     JH                DATE: 8/13/2013         PROJECT:      14-60-051            STATION ID:   P0122

ROAD:       SOUTH ST                                                                       SR/SEG/OFF:   G018/0030/0000

FROM:    7TH ST                                                TO:   5TH ST

STATE:   PA           COUNTY:                                  MCD: 4210160103 - CENTRAL

SIDEWALK:          North                   FC:    16                  TYPE:       PEDESTRIAN

DVRPC FILE #:              103085 COUNTER #:           11018             WEATHER:    f         DATA SOURCE:      EXTERNAL

COMMENTS:




1:05:51AM       6/8/2014                                                                                   Page 1 of 3
  Hour        Monday      Tuesday    Wednesday   Thursday     Friday     Saturday     Sunday      Monday       Tuesday     Wednesday
 Ending      8/12/2013   8/13/2013   8/14/2013   8/15/2013   8/16/2013   8/17/2013   8/18/2013   8/19/2013    8/20/2013    8/21/2013

    12 AM                       32         123          74         149         468         600          43            53          69
      1 AM                      26          16          22          77         399         666          23            76          32
      2 AM                       4          11           7          42         290         353          10             3           9
      3 AM                      10           6           2           8          15          20           5             4           1
      4 AM                       1           6           5           6          17           2           5             0           2
      5 AM                       3           6           6           5           2           3           9            10           7
      6 AM                      11          11          16          10           7           2          16            20          16
      7 AM                      18          35          31          25          18          21          29            34          36
      8 AM                      10          46          53          56          30          33          49            60          68
      9 AM                      37          59          51          60          40          38          42            43          51
    10 AM           50          45          85          78          64          70          65          73            48          44
    11 AM          132         105         176         136         125         208         136         123           117         111
    12 PM          172         125         272         236         232         281         218         211           166         224
      1 PM         203         205         288         239         374         463         299         254           250         212
      2 PM         200         219         352         264         397         572         392         247           321         230
      3 PM         251         229         346         320         403         678         418         258           301         249
      4 PM         261         292         338         332         492         679         420         315           266         272
      5 PM         225         340         372         383         526         732         448         315           280         272
      6 PM         242         311         391       1,237         502         704         453         274           280         328
      7 PM         294         353         542       1,887         532         756         420         348           390         306
      8 PM         282         299         335       1,868         576         697         366         275           295         303
      9 PM         198         229         312       1,857         617         698         205         260           244         219
    10 PM          102         134         159         899         573         700         109         127           176         115
     11PM           61          70         105         380         497         767          59          66            81         109
    Total        2,673       3,108       4,392      10,383       6,348       9,291       5,746       3,377         3,518       3,285



             Thursday
             8/22/2013

                    35
                    14
                    12
                     2
                     1
                     8
                    12
                    18
                     0




                   102




1:05:51AM    6/8/2014                                                                                        Page 2 of 3
PEDESTRIAN SEASONAL FACTOR:   0.888   FACTOR:   1.0622   ADP:   5,182




1:05:51AM   6/8/2014                                                    Page 3 of 3
