DVRPC - Pedestrian Count
TAKEN BY:     JH                DATE: 8/13/2013         PROJECT:      14-60-051            STATION ID:   P0120

ROAD:       SOUTH ST                                                                       SR/SEG/OFF:   G018/0040/1056

FROM:    3RD ST                                                TO:   FRONT ST

STATE:   PA           COUNTY:                                  MCD: 4210160103 - CENTRAL

SIDEWALK:          North                   FC:    16                  TYPE:       PEDESTRIAN

DVRPC FILE #:              103082 COUNTER #:           12021             WEATHER:    f         DATA SOURCE:      EXTERNAL

COMMENTS:




1:05:45AM       6/8/2014                                                                                   Page 1 of 3
  Hour        Monday      Tuesday    Wednesday   Thursday     Friday     Saturday     Sunday      Monday       Tuesday     Wednesday
 Ending      8/12/2013   8/13/2013   8/14/2013   8/15/2013   8/16/2013   8/17/2013   8/18/2013   8/19/2013    8/20/2013    8/21/2013

    12 AM                       39          88          75         184         401         455          61            43         100
      1 AM                      23          49          40          87         382         374          21            48          60
      2 AM                      16          25          14          40         205         219           8             8          32
      3 AM                       6           8           4          21          43          44           8            10           4
      4 AM                       6           7           3           2           6          11           4             8           7
      5 AM                      10           7           9           6           5           8          17             8          14
      6 AM                      25          17          27          14          27           3          22            27          22
      7 AM                      25          36          41          31          23          20          28            54          38
      8 AM                      15          55          65          73          46          29          66            77          70
      9 AM                      28          69          78          65          72          56          62            50          64
    10 AM                       65         110          87          84          95         114          80            76          61
    11 AM           43          75         109         101         116         119         143         114            88          75
    12 PM          134          75         201         174         172         201         179         136           136         140
      1 PM         132          99         209         163         187         285         228         153           142         178
      2 PM         131         108         241         203         199         379         235         192           177         143
      3 PM         134         121         207         240         216         482         239         217           146         170
      4 PM         130         166         212         251         293         476         254         168           149         167
      5 PM         150         149         242         340         308         419         353         169           144         144
      6 PM         133         160         242       1,067         323         442         287         193           203         189
      7 PM         175         258         267       1,871         352         515         313         243           189         192
      8 PM         174         264         248       1,975         418         469         291         189           199         167
      9 PM         205         226         201       1,323         392         522         229         204           230         207
    10 PM          106         191         192         719         468         583         163         119           177         158
     11PM           67          99         115         294         437         520          81          85           124         125
    Total        1,714       2,249       3,157       9,164       4,488       6,717       4,328       2,559         2,513       2,527



             Thursday
             8/22/2013

                    60
                    37
                    14
                     3
                    10
                    14
                    26
                    29
                    18




                   211




1:05:45AM    6/8/2014                                                                                        Page 2 of 3
PEDESTRIAN SEASONAL FACTOR:   0.888   FACTOR:   1.0622   ADP:   3,951




1:05:45AM   6/8/2014                                                    Page 3 of 3
