DVRPC - Pedestrian Count
TAKEN BY:     JH                DATE: 8/13/2013         PROJECT:      14-60-051            STATION ID:   P0121

ROAD:       SOUTH ST                                                                       SR/SEG/OFF:   G018/0040/1056

FROM:    3RD ST                                                TO:   FRONT ST

STATE:   PA           COUNTY:                                  MCD: 4210160103 - CENTRAL

SIDEWALK:          South                   FC:    16                  TYPE:       PEDESTRIAN

DVRPC FILE #:              103083 COUNTER #:           12022             WEATHER:    f         DATA SOURCE:      EXTERNAL

COMMENTS:




1:05:48AM       6/8/2014                                                                                   Page 1 of 3
  Hour        Monday      Tuesday    Wednesday   Thursday     Friday     Saturday     Sunday      Monday       Tuesday     Wednesday
 Ending      8/12/2013   8/13/2013   8/14/2013   8/15/2013   8/16/2013   8/17/2013   8/18/2013   8/19/2013    8/20/2013    8/21/2013

    12 AM                       28         113          54         156         601         746          39            34          83
      1 AM                      29          55          45          86         487         690          52            26          58
      2 AM                       6          25          13          71         314         283          13             8          27
      3 AM                       2          13           6          14          43          21           6             5           5
      4 AM                       7           7           2           5          12          15           7             1           4
      5 AM                       4           8           7           5          10           3          15             4           6
      6 AM                       6          14          18          23          12          11          14            13          17
      7 AM                      17          37          20          17          14          20          25            35          30
      8 AM                      17          48          49          37          49          32          41            44          34
      9 AM                      19          65          54          70          80          41          43            59          58
    10 AM                       53          73          96         105         137          94          68            82          79
    11 AM           30          63         128         100         164         186         165          96           133         111
    12 PM          119         135         180         203         224         284         222         119           177         146
      1 PM         149         134         224         193         292         341         203         177           163         175
      2 PM         161         133         242         250         290         461         274         165           209         153
      3 PM         152         158         289         314         287         487         269         180           207         160
      4 PM         238         196         248         355         243         514         336         176           203         174
      5 PM         217         209         282         447         257         503         344         190           236         183
      6 PM         220         254         308         569         341         473         410         207           263         204
      7 PM         248         339         329       1,078         323         529         300         256           277         268
      8 PM         234         313         314       1,376         381         544         306         231           221         216
      9 PM         256         230         270       1,002         518         593         213         193           228         276
    10 PM          140         230         193         584         567         549         162         144           222         182
     11PM           77         120         118         246         459         562          76          64           195         110
    Total        2,241       2,702       3,583       7,081       4,935       7,785       5,236       2,521         3,045       2,759



             Thursday
             8/22/2013

                    72
                    34
                     8
                     3
                     2
                     4
                    11
                    26
                    30




                   190




1:05:48AM    6/8/2014                                                                                        Page 2 of 3
PEDESTRIAN SEASONAL FACTOR:   0.888   FACTOR:   1.0622   ADP:   4,155




1:05:48AM   6/8/2014                                                    Page 3 of 3
