DVRPC - Pedestrian Count
TAKEN BY:     JH                DATE: 8/13/2013         PROJECT:      14-60-051            STATION ID:   P0124

ROAD:       SOUTH ST                                                                       SR/SEG/OFF:   G018/0020/2112

FROM:    10TH ST                                               TO:   9TH ST

STATE:   PA           COUNTY:                                  MCD: 4210160103 - CENTRAL

SIDEWALK:          North                   FC:    16                  TYPE:       PEDESTRIAN

DVRPC FILE #:              103088 COUNTER #:           11020             WEATHER:    f         DATA SOURCE:      EXTERNAL

COMMENTS:




1:06:01AM       6/8/2014                                                                                   Page 1 of 3
  Hour        Monday      Tuesday    Wednesday   Thursday     Friday     Saturday     Sunday      Monday       Tuesday     Wednesday
 Ending      8/12/2013   8/13/2013   8/14/2013   8/15/2013   8/16/2013   8/17/2013   8/18/2013   8/19/2013    8/20/2013    8/21/2013

    12 AM                       16          17          19          72         116         144          17            18          18
      1 AM                      12           4          15          38          62          89          11            18           8
      2 AM                       2           8           2          22          50          87           4             2           5
      3 AM                       3           5           2           6           8          14           3             3           3
      4 AM                      22           8           5           2           6           3           6             2           2
      5 AM                       8          10           7          12           5           3          13            11          13
      6 AM                      32          37          35          39          25          20          26            43          39
      7 AM                      42          47          63          66          38          31          61            54          65
      8 AM          43          48         135         175         137         126         107         155           153         142
      9 AM         119          78         157         122         170         170         126         131           112         125
    10 AM          110          91         158         159         173         235         198         137           136         143
    11 AM          199         153         216         208         242         268         289         211           197         165
    12 PM          280         232         343         325         362         319         359         290           295         301
      1 PM         200         268         353         328         358         428         354         340           279         247
      2 PM         208         188         340         328         308         439         405         302           279         241
      3 PM         193         252         349         291         346         485         392         278           290         270
      4 PM         302         288         325         355         380         444         399         287           323         201
      5 PM         360         387         413         574         416         470         411         366           376         353
      6 PM         329         383         421       1,158         433         410         407         444           364         415
      7 PM         359         383         471       1,380         398         391         385         399           383         363
      8 PM         258         299         350       1,108         321         319         215         305           307         243
      9 PM         167         199         214         859         246         276         156         230           169         141
    10 PM           62          82          78         739         202         199          78         102            90          74
     11PM           53          28          63         216         135         185          40          31            38          31
    Total        3,242       3,496       4,522       8,473       4,884       5,474       4,712       4,149         3,942       3,608



             Thursday
             8/22/2013

                    18
                     9
                     5
                     2
                     1
                    12
                    32
                    28




                   107




1:06:01AM    6/8/2014                                                                                        Page 2 of 3
PEDESTRIAN SEASONAL FACTOR:   0.888   FACTOR:   1.0622   ADP:   4,534




1:06:01AM   6/8/2014                                                    Page 3 of 3
