DVRPC - Pedestrian Count
TAKEN BY:     JH                DATE: 8/13/2013         PROJECT:      14-60-051            STATION ID:   P0125

ROAD:       SOUTH ST                                                                       SR/SEG/OFF:   G018/0020/2112

FROM:    10TH ST                                               TO:   9TH ST

STATE:   PA           COUNTY:                                  MCD: 4210160103 - CENTRAL

SIDEWALK:          South                   FC:    16                  TYPE:       PEDESTRIAN

DVRPC FILE #:              103089 COUNTER #:           11019             WEATHER:    f         DATA SOURCE:      EXTERNAL

COMMENTS:




1:06:05AM       6/8/2014                                                                                   Page 1 of 3
  Hour        Monday      Tuesday    Wednesday   Thursday     Friday     Saturday     Sunday      Monday       Tuesday     Wednesday
 Ending      8/12/2013   8/13/2013   8/14/2013   8/15/2013   8/16/2013   8/17/2013   8/18/2013   8/19/2013    8/20/2013    8/21/2013

    12 AM                       27          70          35          96         127         184          19            35          31
      1 AM                      20          14          13          37          80         207          10            13           9
      2 AM                       5          18           8          27          56         121           8            11          17
      3 AM                       4           1           2           6          36          32           1             2           2
      4 AM                       2           5           3           3           5          18           4             9           5
      5 AM                       7           4          11           9           5           2           7             6           8
      6 AM                      19          26          23          33           8           8          19            19          27
      7 AM                      30          54          51          51          20          26          60            51          47
      8 AM          38          30         113          93         101          56          58         106            83          93
      9 AM          79          52         111          85         106         108          78          95            90          84
    10 AM           87          59         130         119         150         196         142         114           119         151
    11 AM          110          90         158         166         184         261         169         139           212         169
    12 PM          165         150         213         212         232         344         242         172           206         233
      1 PM         187         191         244         227         275         405         266         184           214         189
      2 PM         165         194         308         290         242         411         260         185           272         202
      3 PM         220         244         247         298         261         470         260         207           258         235
      4 PM         213         280         270         399         303         412         306         253           217         281
      5 PM         233         286         353         628         337         392         272         263           263         331
      6 PM         261         298         324       1,105         348         392         215         246           239         259
      7 PM         185         270         248       1,248         280         417         218         225           195         189
      8 PM         193         209         203       1,186         312         326         165         206           192         172
      9 PM         152         199         177         945         278         305         135         133           132         102
    10 PM           64          82         123         686         214         325          55         102           149          76
     11PM           57          61          83         244         201         257          41          45            67          81
    Total        2,409       2,809       3,497       8,077       4,086       5,414       3,480       2,803         3,054       2,993



             Thursday
             8/22/2013

                    41
                    13
                     5
                     6
                     5
                     7
                    23
                    29




                   129




1:06:05AM    6/8/2014                                                                                        Page 2 of 3
PEDESTRIAN SEASONAL FACTOR:   0.888   FACTOR:   1.0622   ADP:   3,796




1:06:05AM   6/8/2014                                                    Page 3 of 3
