DVRPC - Pedestrian Count
TAKEN BY:      SB                DATE: 10/6/2010            PROJECT:          11-43-040                STATION ID:     P0180

ROAD:     16TH ST                                                                                      SR/SEG/OFF:     G043/0010/4910

FROM:     CHESTNUT ST                                                TO:    PA 3 MARKET ST

STATE:    PA           COUNTY:                                       MCD: 4210160103 - CENTRAL

SIDEWALK:           east                      FC:     16                      TYPE:          PEDESTRIAN

DVRPC FILE #:                  70675 COUNTER #:            10-009                 WEATHER:                    DATA SOURCE:       INTERNAL

COMMENTS:




  Hour           Tuesday      Wednesday   Thursday          Friday         Saturday       Sunday    Monday       Tuesday
 Ending         10/5/2010     10/6/2010   10/7/2010    10/8/2010       10/9/2010      10/10/2010 10/11/2010 10/12/2010

    12 AM               153         216         242             245             594           799       238            22
      1 AM              103         132         166             186             472           572       143           132
      2 AM               71         116         143             173             359           585       134            90
      3 AM               24          51          68              69             176           207        78            43
      4 AM               62          92          71             101              85           103        89            69
      5 AM              163         176         173             159             104            88       143           139
      6 AM              425         452         433             436             146            97       375           399
      7 AM              866         806         853             775             275           175       696           807
      8 AM            1,175       1,093       1,044           1,013             380           260       884         1,045
      9 AM              995         865         982           1,040             569           306       842           958
    10 AM               895         932         958           1,027             606           578       744           943
    11 AM               997         932       1,002             988             768           673       760
    12 PM             1,027       1,025       1,008           1,146             873           846       820
      1 PM              928       1,087       1,143           1,119             963           826       953
      2 PM            1,077         998       1,160           1,252             933           790       892
      3 PM              958       1,035       1,125           1,182             901           893       946
      4 PM            1,082         990       1,175           1,091             951           829     1,016
      5 PM            1,183         951       1,155           1,004           1,004           836       998
      6 PM              937         929         968             822             880           887       837
      7 PM              850         798         861             834             843           747       787
      8 PM              664         847         795             650             766           560       575
      9 PM              578         795         781             594             783           528       674
    10 PM               642         611         709           1,011             944           470       562
     11PM               374         524         509             943           1,039           376       208
     Total           16,229      16,453      17,524          17,860          15,414        13,031    14,394         4,647




PEDESTRIAN SEASONAL FACTOR:                  0.968             FACTOR:         1.0622        ADP:    16,224




11:08:16PM      6/7/2014                                                                                                    Page 1 of 1
